00000.000      3.5488     -2.5695 
00034.500      3.5488     -2.5695 
00069.000      3.5488     -2.5695 
00103.500      3.5488     -2.5695 
00138.000      3.5488     -2.5695 
00172.500      3.5488     -2.5695 
00207.000      3.5488     -2.5695 
00241.500      3.5488     -2.5695 
00276.000      3.5488     -2.5695 
00310.500      3.5488     -2.5694 
00345.000      3.5488     -2.5694 
00379.500      3.5488     -2.5694 
00414.000      3.5488     -2.5694 
00448.500      3.5488     -2.5694 
00483.000      3.5488     -2.5694 
00517.500      3.5488     -2.5694 
00552.000      3.5488     -2.5694 
00586.500      3.5488     -2.5694 
00621.000      3.5488     -2.5694 
00655.500      3.5488     -2.5694 
00690.000      3.5488     -2.5694 
00724.500      3.5488     -2.5694 
00759.000      3.5488     -2.5694 
00793.500      3.5488     -2.5694 
00828.000      3.5488     -2.5694 
00862.500      3.5488     -2.5694 
00897.000      3.5488     -2.5694 
00931.500      3.5488     -2.5693 
00966.000      3.5488     -2.5693 
01000.500      3.5488     -2.5693 
01035.000      3.5488     -2.5693 
01069.500      3.5488     -2.5693 
01104.000      3.5488     -2.5693 
01138.500      3.5488     -2.5693 
01173.000      3.5488     -2.5693 
01207.500      3.5488     -2.5693 
01242.000      3.5488     -2.5693 
01276.500      3.5488     -2.5693 
01311.000      3.5488     -2.5693 
01345.500      3.5488     -2.5693 
01380.000      3.5488     -2.5693 
01414.500      3.5488     -2.5693 
01449.000      3.5488     -2.5693 
01483.500      3.5488     -2.5693 
01518.000      3.5488     -2.5693 
01552.500      3.5488     -2.5692 
01587.000      3.5488     -2.5692 
01621.500      3.5488     -2.5692 
01656.000      3.5488     -2.5692 
01690.500      3.5488     -2.5692 
01725.000      3.5488     -2.5692 
01759.500      3.5488     -2.5692 
01794.000      3.5488     -2.5692 
01828.500      3.5488     -2.5692 
01863.000      3.5488     -2.5692 
01897.500      3.5488     -2.5692 
01932.000      3.5488     -2.5692 
01966.500      3.5488     -2.5692 
02001.000      3.5489     -2.5692 
02035.500      3.5489     -2.5692 
02070.000      3.5489     -2.5692 
02104.500      3.5489     -2.5692 
02139.000      3.5489     -2.5691 
02173.500      3.5489     -2.5691 
02208.000      3.5489     -2.5691 
02242.500      3.5489     -2.5691 
02277.000      3.5489     -2.5691 
02311.500      3.5489     -2.5691 
02346.000      3.5489     -2.5691 
02380.500      3.5489     -2.5691 
02415.000      3.5489     -2.5691 
02449.500      3.5489     -2.5691 
02484.000      3.5489     -2.5691 
02518.500      3.5489     -2.5691 
02553.000      3.5489     -2.5691 
02587.500      3.5489     -2.5691 
02622.000      3.5489     -2.5691 
02656.500      3.5489     -2.5691 
02691.000      3.5489     -2.5691 
02725.500      3.5489     -2.5691 
02760.000      3.5489     -2.5690 
02794.500      3.5489     -2.5690 
02829.000      3.5489     -2.5690 
02863.500      3.5489     -2.5690 
02898.000      3.5489     -2.5690 
02932.500      3.5489     -2.5690 
02967.000      3.5489     -2.5690 
03001.500      3.5489     -2.5690 
03036.000      3.5489     -2.5690 
03070.500      3.5489     -2.5690 
03105.000      3.5489     -2.5690 
03139.500      3.5489     -2.5690 
03174.000      3.5489     -2.5690 
03208.500      3.5489     -2.5690 
03243.000      3.5489     -2.5690 
03277.500      3.5489     -2.5690 
03312.000      3.5489     -2.5690 
03346.500      3.5489     -2.5690 
03381.000      3.5489     -2.5689 
03415.500      3.5489     -2.5689 
03450.000      3.5489     -2.5689 
03484.500      3.5489     -2.5689 
03519.000      3.5489     -2.5689 
03553.500      3.5489     -2.5689 
03588.000      3.5489     -2.5689 
03622.500      3.5489     -2.5689 
03657.000      3.5489     -2.5689 
03691.500      3.5489     -2.5689 
03726.000      3.5489     -2.5689 
03760.500      3.5489     -2.5689 
03795.000      3.5489     -2.5689 
03829.500      3.5489     -2.5689 
03864.000      3.5489     -2.5689 
03898.500      3.5489     -2.5689 
03933.000      3.5489     -2.5689 
03967.500      3.5489     -2.5688 
04002.000      3.5489     -2.5688 
04036.500      3.5489     -2.5688 
04071.000      3.5489     -2.5688 
04105.500      3.5489     -2.5688 
04140.000      3.5489     -2.5688 
04174.500      3.5489     -2.5688 
04209.000      3.5489     -2.5688 
04243.500      3.5489     -2.5688 
04278.000      3.5489     -2.5688 
04312.500      3.5489     -2.5688 
04347.000      3.5489     -2.5688 
04381.500      3.5489     -2.5688 
04416.000      3.5489     -2.5688 
04450.500      3.5489     -2.5688 
04485.000      3.5489     -2.5688 
04519.500      3.5489     -2.5688 
04554.000      3.5489     -2.5688 
04588.500      3.5489     -2.5687 
04623.000      3.5489     -2.5687 
04657.500      3.5489     -2.5687 
04692.000      3.5489     -2.5687 
04726.500      3.5489     -2.5687 
04761.000      3.5489     -2.5687 
04795.500      3.5489     -2.5687 
04830.000      3.5489     -2.5687 
04864.500      3.5489     -2.5687 
04899.000      3.5489     -2.5687 
04933.500      3.5489     -2.5687 
04968.000      3.5489     -2.5687 
05002.500      3.5489     -2.5687 
05037.000      3.5489     -2.5687 
05071.500      3.5489     -2.5687 
05106.000      3.5489     -2.5687 
05140.500      3.5489     -2.5687 
05175.000      3.5489     -2.5687 
05209.500      3.5489     -2.5686 
05244.000      3.5489     -2.5686 
05278.500      3.5489     -2.5686 
05313.000      3.5489     -2.5686 
05347.500      3.5489     -2.5686 
05382.000      3.5489     -2.5686 
05416.500      3.5489     -2.5686 
05451.000      3.5489     -2.5686 
05485.500      3.5489     -2.5686 
05520.000      3.5489     -2.5686 
05554.500      3.5489     -2.5686 
05589.000      3.5489     -2.5686 
05623.500      3.5489     -2.5686 
05658.000      3.5489     -2.5686 
05692.500      3.5489     -2.5686 
05727.000      3.5489     -2.5686 
05761.500      3.5489     -2.5686 
05796.000      3.5489     -2.5686 
05830.500      3.5489     -2.5685 
05865.000      3.5489     -2.5685 
05899.500      3.5489     -2.5685 
05934.000      3.5489     -2.5685 
05968.500      3.5490     -2.5685 
06003.000      3.5490     -2.5685 
06037.500      3.5490     -2.5685 
06072.000      3.5490     -2.5685 
06106.500      3.5490     -2.5685 
06141.000      3.5490     -2.5685 
06175.500      3.5490     -2.5685 
06210.000      3.5490     -2.5685 
06244.500      3.5490     -2.5685 
06279.000      3.5490     -2.5685 
06313.500      3.5490     -2.5685 
06348.000      3.5490     -2.5685 
06382.500      3.5490     -2.5685 
06417.000      3.5490     -2.5684 
06451.500      3.5490     -2.5684 
06486.000      3.5490     -2.5684 
06520.500      3.5490     -2.5684 
06555.000      3.5490     -2.5684 
06589.500      3.5490     -2.5684 
06624.000      3.5490     -2.5684 
06658.500      3.5490     -2.5684 
06693.000      3.5490     -2.5684 
06727.500      3.5490     -2.5684 
06762.000      3.5490     -2.5684 
06796.500      3.5490     -2.5684 
06831.000      3.5490     -2.5684 
06865.500      3.5490     -2.5684 
06900.000      3.5490     -2.5684 
06934.500      3.5490     -2.5684 
06969.000      3.5490     -2.5684 
07003.500      3.5490     -2.5684 
07038.000      3.5490     -2.5683 
07072.500      3.5490     -2.5683 
07107.000      3.5490     -2.5683 
07141.500      3.5490     -2.5683 
07176.000      3.5490     -2.5683 
07210.500      3.5490     -2.5683 
07245.000      3.5490     -2.5683 
07279.500      3.5490     -2.5683 
07314.000      3.5490     -2.5683 
07348.500      3.5490     -2.5683 
07383.000      3.5490     -2.5683 
07417.500      3.5490     -2.5683 
07452.000      3.5490     -2.5683 
07486.500      3.5490     -2.5683 
07521.000      3.5490     -2.5683 
07555.500      3.5490     -2.5683 
07590.000      3.5490     -2.5683 
07624.500      3.5490     -2.5683 
07659.000      3.5490     -2.5682 
07693.500      3.5490     -2.5682 
07728.000      3.5490     -2.5682 
07762.500      3.5490     -2.5682 
07797.000      3.5490     -2.5682 
07831.500      3.5490     -2.5682 
07866.000      3.5490     -2.5682 
07900.500      3.5490     -2.5682 
07935.000      3.5490     -2.5682 
07969.500      3.5490     -2.5682 
08004.000      3.5490     -2.5682 
08038.500      3.5490     -2.5682 
08073.000      3.5490     -2.5682 
08107.500      3.5490     -2.5682 
08142.000      3.5490     -2.5682 
08176.500      3.5490     -2.5682 
08211.000      3.5490     -2.5682 
08245.500      3.5490     -2.5681 
08280.000      3.5490     -2.5681 
08314.500      3.5490     -2.5681 
08349.000      3.5490     -2.5681 
08383.500      3.5490     -2.5681 
08418.000      3.5490     -2.5681 
08452.500      3.5490     -2.5681 
08487.000      3.5490     -2.5681 
08521.500      3.5490     -2.5681 
08556.000      3.5490     -2.5681 
08590.500      3.5490     -2.5681 
08625.000      3.5490     -2.5681 
08659.500      3.5490     -2.5681 
08694.000      3.5490     -2.5681 
08728.500      3.5490     -2.5681 
08763.000      3.5490     -2.5681 
08797.500      3.5490     -2.5681 
08832.000      3.5490     -2.5681 
08866.500      3.5490     -2.5680 
08901.000      3.5490     -2.5680 
08935.500      3.5490     -2.5680 
08970.000      3.5490     -2.5680 
09004.500      3.5490     -2.5680 
09039.000      3.5490     -2.5680 
09073.500      3.5490     -2.5680 
09108.000      3.5490     -2.5680 
09142.500      3.5490     -2.5680 
09177.000      3.5490     -2.5680 
09211.500      3.5490     -2.5680 
09246.000      3.5490     -2.5680 
09280.500      3.5490     -2.5680 
09315.000      3.5490     -2.5680 
09349.500      3.5490     -2.5680 
09384.000      3.5490     -2.5680 
09418.500      3.5490     -2.5680 
09453.000      3.5490     -2.5680 
09487.500      3.5490     -2.5679 
09522.000      3.5490     -2.5679 
09556.500      3.5490     -2.5679 
09591.000      3.5490     -2.5679 
09625.500      3.5490     -2.5679 
09660.000      3.5490     -2.5679 
09694.500      3.5490     -2.5679 
09729.000      3.5490     -2.5679 
09763.500      3.5490     -2.5679 
09798.000      3.5490     -2.5679 
09832.500      3.5490     -2.5679 
09867.000      3.5490     -2.5679 
09901.500      3.5490     -2.5679 
09936.000      3.5491     -2.5679 
09970.500      3.5491     -2.5679 
10005.000      3.5491     -2.5679 
10039.500      3.5491     -2.5679 
10074.000      3.5491     -2.5678 
10108.500      3.5491     -2.5678 
10143.000      3.5491     -2.5678 
10177.500      3.5491     -2.5678 
10212.000      3.5491     -2.5678 
10246.500      3.5491     -2.5678 
10281.000      3.5491     -2.5678 
10315.500      3.5491     -2.5678 
10350.000      3.5491     -2.5678 
10384.500      3.5491     -2.5678 
10419.000      3.5491     -2.5678 
10453.500      3.5491     -2.5678 
10488.000      3.5491     -2.5678 
10522.500      3.5491     -2.5678 
10557.000      3.5491     -2.5678 
10591.500      3.5491     -2.5678 
10626.000      3.5491     -2.5678 
10660.500      3.5491     -2.5678 
10695.000      3.5491     -2.5677 
10729.500      3.5491     -2.5677 
10764.000      3.5491     -2.5677 
10798.500      3.5491     -2.5677 
10833.000      3.5491     -2.5677 
10867.500      3.5491     -2.5677 
10902.000      3.5491     -2.5677 
10936.500      3.5491     -2.5677 
10971.000      3.5491     -2.5677 
11005.500      3.5491     -2.5677 
11040.000      3.5491     -2.5677 
11074.500      3.5491     -2.5677 
11109.000      3.5491     -2.5677 
11143.500      3.5491     -2.5677 
11178.000      3.5491     -2.5677 
11212.500      3.5491     -2.5677 
11247.000      3.5491     -2.5677 
11281.500      3.5491     -2.5677 
11316.000      3.5491     -2.5676 
11350.500      3.5491     -2.5676 
11385.000      3.5491     -2.5676 
11419.500      3.5491     -2.5676 
11454.000      3.5491     -2.5676 
11488.500      3.5491     -2.5676 
11523.000      3.5491     -2.5676 
11557.500      3.5491     -2.5676 
11592.000      3.5491     -2.5676 
11626.500      3.5491     -2.5676 
11661.000      3.5491     -2.5676 
11695.500      3.5491     -2.5676 
11730.000      3.5491     -2.5676 
11764.500      3.5491     -2.5676 
11799.000      3.5491     -2.5676 
11833.500      3.5491     -2.5676 
11868.000      3.5491     -2.5676 
11902.500      3.5491     -2.5676 
11937.000      3.5491     -2.5675 
11971.500      3.5491     -2.5675 
12006.000      3.5491     -2.5675 
12040.500      3.5491     -2.5675 
12075.000      3.5491     -2.5675 
12109.500      3.5491     -2.5675 
12144.000      3.5491     -2.5675 
12178.500      3.5491     -2.5675 
12213.000      3.5491     -2.5675 
12247.500      3.5491     -2.5675 
12282.000      3.5491     -2.5675 
12316.500      3.5491     -2.5675 
12351.000      3.5491     -2.5675 
12385.500      3.5491     -2.5675 
12420.000      3.5491     -2.5675 
12454.500      3.5491     -2.5675 
12489.000      3.5491     -2.5675 
12523.500      3.5491     -2.5674 
12558.000      3.5491     -2.5674 
12592.500      3.5491     -2.5674 
12627.000      3.5491     -2.5674 
12661.500      3.5491     -2.5674 
12696.000      3.5491     -2.5674 
12730.500      3.5491     -2.5674 
12765.000      3.5491     -2.5674 
12799.500      3.5491     -2.5674 
12834.000      3.5491     -2.5674 
12868.500      3.5491     -2.5674 
12903.000      3.5491     -2.5674 
12937.500      3.5491     -2.5674 
12972.000      3.5491     -2.5674 
13006.500      3.5491     -2.5674 
13041.000      3.5491     -2.5674 
13075.500      3.5491     -2.5674 
13110.000      3.5491     -2.5674 
13144.500      3.5491     -2.5673 
13179.000      3.5491     -2.5673 
13213.500      3.5491     -2.5673 
13248.000      3.5491     -2.5673 
13282.500      3.5491     -2.5673 
13317.000      3.5491     -2.5673 
13351.500      3.5491     -2.5673 
13386.000      3.5491     -2.5673 
13420.500      3.5491     -2.5673 
13455.000      3.5491     -2.5673 
13489.500      3.5491     -2.5673 
13524.000      3.5491     -2.5673 
13558.500      3.5491     -2.5673 
13593.000      3.5491     -2.5673 
13627.500      3.5491     -2.5673 
13662.000      3.5491     -2.5673 
13696.500      3.5491     -2.5673 
13731.000      3.5491     -2.5673 
13765.500      3.5491     -2.5672 
13800.000      3.5491     -2.5672 
13834.500      3.5491     -2.5672 
13869.000      3.5491     -2.5672 
13903.500      3.5492     -2.5672 
13938.000      3.5492     -2.5672 
13972.500      3.5492     -2.5672 
14007.000      3.5492     -2.5672 
14041.500      3.5492     -2.5672 
14076.000      3.5492     -2.5672 
14110.500      3.5492     -2.5672 
14145.000      3.5492     -2.5672 
14179.500      3.5492     -2.5672 
14214.000      3.5492     -2.5672 
14248.500      3.5492     -2.5672 
14283.000      3.5492     -2.5672 
14317.500      3.5492     -2.5672 
14352.000      3.5492     -2.5671 
14386.500      3.5492     -2.5671 
14421.000      3.5492     -2.5671 
14455.500      3.5492     -2.5671 
14490.000      3.5492     -2.5671 
14524.500      3.5492     -2.5671 
14559.000      3.5492     -2.5671 
14593.500      3.5492     -2.5671 
14628.000      3.5492     -2.5671 
14662.500      3.5492     -2.5671 
14697.000      3.5492     -2.5671 
14731.500      3.5492     -2.5671 
14766.000      3.5492     -2.5671 
14800.500      3.5492     -2.5671 
14835.000      3.5492     -2.5671 
14869.500      3.5492     -2.5671 
14904.000      3.5492     -2.5671 
14938.500      3.5492     -2.5671 
14973.000      3.5492     -2.5670 
15007.500      3.5492     -2.5670 
15042.000      3.5492     -2.5670 
15076.500      3.5492     -2.5670 
15111.000      3.5492     -2.5670 
15145.500      3.5492     -2.5670 
15180.000      3.5492     -2.5670 
15214.500      3.5492     -2.5670 
15249.000      3.5492     -2.5670 
15283.500      3.5492     -2.5670 
15318.000      3.5492     -2.5670 
15352.500      3.5492     -2.5670 
15387.000      3.5492     -2.5670 
15421.500      3.5492     -2.5670 
15456.000      3.5492     -2.5670 
15490.500      3.5492     -2.5670 
15525.000      3.5492     -2.5670 
15559.500      3.5492     -2.5670 
15594.000      3.5492     -2.5669 
15628.500      3.5492     -2.5669 
15663.000      3.5492     -2.5669 
15697.500      3.5492     -2.5669 
15732.000      3.5492     -2.5669 
15766.500      3.5492     -2.5669 
15801.000      3.5492     -2.5669 
15835.500      3.5492     -2.5669 
15870.000      3.5492     -2.5669 
15904.500      3.5492     -2.5669 
15939.000      3.5492     -2.5669 
15973.500      3.5492     -2.5669 
16008.000      3.5492     -2.5669 
16042.500      3.5492     -2.5669 
16077.000      3.5492     -2.5669 
16111.500      3.5492     -2.5669 
16146.000      3.5492     -2.5669 
16180.500      3.5492     -2.5669 
16215.000      3.5492     -2.5669 
16249.500      3.5492     -2.5668 
16284.000      3.5492     -2.5668 
16318.500      3.5492     -2.5668 
16353.000      3.5492     -2.5668 
16387.500      3.5492     -2.5668 
16422.000      3.5492     -2.5668 
16456.500      3.5492     -2.5668 
16491.000      3.5492     -2.5668 
16525.500      3.5492     -2.5668 
16560.000      3.5492     -2.5668 
16594.500      3.5492     -2.5668 
16629.000      3.5492     -2.5668 
16663.500      3.5492     -2.5668 
16698.000      3.5492     -2.5668 
16732.500      3.5492     -2.5668 
16767.000      3.5492     -2.5668 
16801.500      3.5492     -2.5668 
16836.000      3.5492     -2.5668 
16870.500      3.5492     -2.5668 
16905.000      3.5492     -2.5668 
16939.500      3.5492     -2.5667 
16974.000      3.5492     -2.5667 
17008.500      3.5492     -2.5667 
17043.000      3.5492     -2.5667 
17077.500      3.5492     -2.5667 
17112.000      3.5492     -2.5667 
17146.500      3.5492     -2.5667 
17181.000      3.5492     -2.5667 
17215.500      3.5492     -2.5667 